# blastn
# Iteration: 0
# Query: 29eb8e14ce61e9c4549de0f9cf200c19
# RID: P3PP5MNV01R
# Database: nr
# Fields: query acc.ver, subject acc.ver, % identity, alignment length, mismatches, gap opens, q. start, q. end, s. start, s. end, evalue, bit score
# 230 hits found
29eb8e14ce61e9c4549de0f9cf200c19	MH665981.1	100.000	233	0	0	1	233	544	776	5.16e-117	431
29eb8e14ce61e9c4549de0f9cf200c19	MH665980.1	100.000	233	0	0	1	233	544	776	5.16e-117	431
29eb8e14ce61e9c4549de0f9cf200c19	MG214350.1	100.000	233	0	0	1	233	524	756	5.16e-117	431
29eb8e14ce61e9c4549de0f9cf200c19	MH665562.1	100.000	233	0	0	1	233	524	756	5.16e-117	431
29eb8e14ce61e9c4549de0f9cf200c19	MG719590.1	100.000	233	0	0	1	233	518	750	5.16e-117	431
29eb8e14ce61e9c4549de0f9cf200c19	MG719583.1	100.000	233	0	0	1	233	518	750	5.16e-117	431
29eb8e14ce61e9c4549de0f9cf200c19	MG719564.1	100.000	233	0	0	1	233	517	749	5.16e-117	431
29eb8e14ce61e9c4549de0f9cf200c19	MG719559.1	100.000	233	0	0	1	233	515	747	5.16e-117	431
29eb8e14ce61e9c4549de0f9cf200c19	MG719542.1	100.000	233	0	0	1	233	515	747	5.16e-117	431
29eb8e14ce61e9c4549de0f9cf200c19	CP017807.1	100.000	233	0	0	1	233	464190	464422	5.16e-117	431
29eb8e14ce61e9c4549de0f9cf200c19	CP017807.1	100.000	233	0	0	1	233	508518	508750	5.16e-117	431
29eb8e14ce61e9c4549de0f9cf200c19	CP017807.1	100.000	233	0	0	1	233	2384122	2383890	5.16e-117	431
29eb8e14ce61e9c4549de0f9cf200c19	CP017807.1	100.000	233	0	0	1	233	2499209	2498977	5.16e-117	431
29eb8e14ce61e9c4549de0f9cf200c19	CP017807.1	99.571	233	1	0	1	233	2178322	2178090	2.40e-115	425
29eb8e14ce61e9c4549de0f9cf200c19	CP017804.1	100.000	233	0	0	1	233	464705	464937	5.16e-117	431
29eb8e14ce61e9c4549de0f9cf200c19	CP017804.1	100.000	233	0	0	1	233	508851	509083	5.16e-117	431
29eb8e14ce61e9c4549de0f9cf200c19	CP017804.1	99.142	233	2	0	1	233	1944382	1944150	1.12e-113	420
29eb8e14ce61e9c4549de0f9cf200c19	CP017804.1	99.142	233	2	0	1	233	2134719	2134487	1.12e-113	420
29eb8e14ce61e9c4549de0f9cf200c19	CP017804.1	99.142	233	2	0	1	233	2249819	2249587	1.12e-113	420
29eb8e14ce61e9c4549de0f9cf200c19	CP031130.1	100.000	233	0	0	1	233	439030	439262	5.16e-117	431
29eb8e14ce61e9c4549de0f9cf200c19	CP031130.1	100.000	233	0	0	1	233	483283	483515	5.16e-117	431
29eb8e14ce61e9c4549de0f9cf200c19	CP031130.1	100.000	233	0	0	1	233	488618	488850	5.16e-117	431
29eb8e14ce61e9c4549de0f9cf200c19	CP031130.1	100.000	233	0	0	1	233	1902003	1901771	5.16e-117	431
29eb8e14ce61e9c4549de0f9cf200c19	CP031130.1	100.000	233	0	0	1	233	2087584	2087352	5.16e-117	431
29eb8e14ce61e9c4549de0f9cf200c19	CP031130.1	100.000	233	0	0	1	233	2202316	2202084	5.16e-117	431
29eb8e14ce61e9c4549de0f9cf200c19	CP031131.1	100.000	233	0	0	1	233	465151	465383	5.16e-117	431
29eb8e14ce61e9c4549de0f9cf200c19	CP031131.1	100.000	233	0	0	1	233	509404	509636	5.16e-117	431
29eb8e14ce61e9c4549de0f9cf200c19	CP031131.1	100.000	233	0	0	1	233	514739	514971	5.16e-117	431
29eb8e14ce61e9c4549de0f9cf200c19	CP031131.1	100.000	233	0	0	1	233	1913509	1913277	5.16e-117	431
29eb8e14ce61e9c4549de0f9cf200c19	CP031131.1	100.000	233	0	0	1	233	2102219	2101987	5.16e-117	431
29eb8e14ce61e9c4549de0f9cf200c19	CP031131.1	100.000	233	0	0	1	233	2216953	2216721	5.16e-117	431
29eb8e14ce61e9c4549de0f9cf200c19	AF270420.2	100.000	233	0	0	1	233	1004	772	5.16e-117	431
29eb8e14ce61e9c4549de0f9cf200c19	LC367622.1	100.000	233	0	0	1	233	495	727	5.16e-117	431
29eb8e14ce61e9c4549de0f9cf200c19	LT992477.1	100.000	233	0	0	1	233	1120267	1120035	5.16e-117	431
29eb8e14ce61e9c4549de0f9cf200c19	LT992477.1	100.000	233	0	0	1	233	1125477	1125245	5.16e-117	431
29eb8e14ce61e9c4549de0f9cf200c19	LT992477.1	100.000	233	0	0	1	233	1169815	1169583	5.16e-117	431
29eb8e14ce61e9c4549de0f9cf200c19	LT992477.1	100.000	233	0	0	1	233	2270211	2270443	5.16e-117	431
29eb8e14ce61e9c4549de0f9cf200c19	LT992477.1	100.000	233	0	0	1	233	2397361	2397593	5.16e-117	431
29eb8e14ce61e9c4549de0f9cf200c19	LT992477.1	100.000	233	0	0	1	233	2584241	2584473	5.16e-117	431
29eb8e14ce61e9c4549de0f9cf200c19	LT992476.1	100.000	233	0	0	1	233	832453	832685	5.16e-117	431
29eb8e14ce61e9c4549de0f9cf200c19	LT992476.1	100.000	233	0	0	1	233	959605	959837	5.16e-117	431
29eb8e14ce61e9c4549de0f9cf200c19	LT992476.1	100.000	233	0	0	1	233	1099719	1099951	5.16e-117	431
29eb8e14ce61e9c4549de0f9cf200c19	LT992476.1	100.000	233	0	0	1	233	2510759	2510527	5.16e-117	431
29eb8e14ce61e9c4549de0f9cf200c19	LT992476.1	100.000	233	0	0	1	233	2515969	2515737	5.16e-117	431
29eb8e14ce61e9c4549de0f9cf200c19	LT992476.1	100.000	233	0	0	1	233	2560563	2560331	5.16e-117	431
29eb8e14ce61e9c4549de0f9cf200c19	LT992475.1	100.000	233	0	0	1	233	151891	152123	5.16e-117	431
29eb8e14ce61e9c4549de0f9cf200c19	LT992475.1	100.000	233	0	0	1	233	278957	279189	5.16e-117	431
29eb8e14ce61e9c4549de0f9cf200c19	LT992475.1	100.000	233	0	0	1	233	460865	461097	5.16e-117	431
29eb8e14ce61e9c4549de0f9cf200c19	LT992475.1	100.000	233	0	0	1	233	1874508	1874276	5.16e-117	431
29eb8e14ce61e9c4549de0f9cf200c19	LT992475.1	100.000	233	0	0	1	233	1879718	1879486	5.16e-117	431
29eb8e14ce61e9c4549de0f9cf200c19	LT992475.1	100.000	233	0	0	1	233	1924312	1924080	5.16e-117	431
29eb8e14ce61e9c4549de0f9cf200c19	LT992474.1	100.000	233	0	0	1	233	18519	18287	5.16e-117	431
29eb8e14ce61e9c4549de0f9cf200c19	LT992474.1	100.000	233	0	0	1	233	1135820	1136052	5.16e-117	431
29eb8e14ce61e9c4549de0f9cf200c19	LT992474.1	100.000	233	0	0	1	233	1180414	1180646	5.16e-117	431
29eb8e14ce61e9c4549de0f9cf200c19	LT992474.1	100.000	233	0	0	1	233	1185622	1185854	5.16e-117	431
29eb8e14ce61e9c4549de0f9cf200c19	LT992474.1	100.000	233	0	0	1	233	2554970	2554738	5.16e-117	431
29eb8e14ce61e9c4549de0f9cf200c19	LT992474.1	100.000	233	0	0	1	233	2737377	2737145	5.16e-117	431
29eb8e14ce61e9c4549de0f9cf200c19	LT992473.1	100.000	233	0	0	1	233	1319024	1318792	5.16e-117	431
29eb8e14ce61e9c4549de0f9cf200c19	LT992473.1	100.000	233	0	0	1	233	1324233	1324001	5.16e-117	431
29eb8e14ce61e9c4549de0f9cf200c19	LT992473.1	100.000	233	0	0	1	233	1368827	1368595	5.16e-117	431
29eb8e14ce61e9c4549de0f9cf200c19	LT992473.1	100.000	233	0	0	1	233	2481892	2482124	5.16e-117	431
29eb8e14ce61e9c4549de0f9cf200c19	LT992473.1	100.000	233	0	0	1	233	2609040	2609272	5.16e-117	431
29eb8e14ce61e9c4549de0f9cf200c19	LT992473.1	100.000	233	0	0	1	233	2791593	2791825	5.16e-117	431
29eb8e14ce61e9c4549de0f9cf200c19	LT992472.1	100.000	233	0	0	1	233	104447	104215	5.16e-117	431
29eb8e14ce61e9c4549de0f9cf200c19	LT992472.1	100.000	233	0	0	1	233	244714	244482	5.16e-117	431
29eb8e14ce61e9c4549de0f9cf200c19	LT992472.1	100.000	233	0	0	1	233	371866	371634	5.16e-117	431
29eb8e14ce61e9c4549de0f9cf200c19	LT992472.1	100.000	233	0	0	1	233	1445997	1446229	5.16e-117	431
29eb8e14ce61e9c4549de0f9cf200c19	LT992472.1	100.000	233	0	0	1	233	1490334	1490566	5.16e-117	431
29eb8e14ce61e9c4549de0f9cf200c19	LT992472.1	100.000	233	0	0	1	233	1495544	1495776	5.16e-117	431
29eb8e14ce61e9c4549de0f9cf200c19	LT992471.1	100.000	233	0	0	1	233	585999	586231	5.16e-117	431
29eb8e14ce61e9c4549de0f9cf200c19	LT992471.1	100.000	233	0	0	1	233	630336	630568	5.16e-117	431
29eb8e14ce61e9c4549de0f9cf200c19	LT992471.1	100.000	233	0	0	1	233	635546	635778	5.16e-117	431
29eb8e14ce61e9c4549de0f9cf200c19	LT992471.1	100.000	233	0	0	1	233	2057834	2057602	5.16e-117	431
29eb8e14ce61e9c4549de0f9cf200c19	LT992471.1	100.000	233	0	0	1	233	2244715	2244483	5.16e-117	431
29eb8e14ce61e9c4549de0f9cf200c19	LT992471.1	100.000	233	0	0	1	233	2371867	2371635	5.16e-117	431
29eb8e14ce61e9c4549de0f9cf200c19	LT992470.1	100.000	233	0	0	1	233	1222726	1222494	5.16e-117	431
29eb8e14ce61e9c4549de0f9cf200c19	LT992470.1	100.000	233	0	0	1	233	1227935	1227703	5.16e-117	431
29eb8e14ce61e9c4549de0f9cf200c19	LT992470.1	100.000	233	0	0	1	233	1272527	1272295	5.16e-117	431
29eb8e14ce61e9c4549de0f9cf200c19	LT992470.1	100.000	233	0	0	1	233	2385606	2385838	5.16e-117	431
29eb8e14ce61e9c4549de0f9cf200c19	LT992470.1	100.000	233	0	0	1	233	2512757	2512989	5.16e-117	431
29eb8e14ce61e9c4549de0f9cf200c19	LT992470.1	100.000	233	0	0	1	233	2695313	2695545	5.16e-117	431
29eb8e14ce61e9c4549de0f9cf200c19	LT992469.1	100.000	233	0	0	1	233	34416	34648	5.16e-117	431
29eb8e14ce61e9c4549de0f9cf200c19	LT992469.1	100.000	233	0	0	1	233	161568	161800	5.16e-117	431
29eb8e14ce61e9c4549de0f9cf200c19	LT992469.1	100.000	233	0	0	1	233	333153	333385	5.16e-117	431
29eb8e14ce61e9c4549de0f9cf200c19	LT992469.1	100.000	233	0	0	1	233	1738878	1738646	5.16e-117	431
29eb8e14ce61e9c4549de0f9cf200c19	LT992469.1	100.000	233	0	0	1	233	1744088	1743856	5.16e-117	431
29eb8e14ce61e9c4549de0f9cf200c19	LT992469.1	100.000	233	0	0	1	233	1788426	1788194	5.16e-117	431
29eb8e14ce61e9c4549de0f9cf200c19	LT992468.1	100.000	233	0	0	1	233	392677	392445	5.16e-117	431
29eb8e14ce61e9c4549de0f9cf200c19	LT992468.1	100.000	233	0	0	1	233	623595	623363	5.16e-117	431
29eb8e14ce61e9c4549de0f9cf200c19	LT992468.1	100.000	233	0	0	1	233	750681	750449	5.16e-117	431
29eb8e14ce61e9c4549de0f9cf200c19	LT992468.1	100.000	233	0	0	1	233	1824750	1824982	5.16e-117	431
29eb8e14ce61e9c4549de0f9cf200c19	LT992468.1	100.000	233	0	0	1	233	1869088	1869320	5.16e-117	431
29eb8e14ce61e9c4549de0f9cf200c19	LT992468.1	100.000	233	0	0	1	233	1874298	1874530	5.16e-117	431
29eb8e14ce61e9c4549de0f9cf200c19	LT992467.1	100.000	233	0	0	1	233	491275	491043	5.16e-117	431
29eb8e14ce61e9c4549de0f9cf200c19	LT992467.1	100.000	233	0	0	1	233	679432	679200	5.16e-117	431
29eb8e14ce61e9c4549de0f9cf200c19	LT992467.1	100.000	233	0	0	1	233	807916	807684	5.16e-117	431
29eb8e14ce61e9c4549de0f9cf200c19	LT992467.1	100.000	233	0	0	1	233	1891294	1891526	5.16e-117	431
29eb8e14ce61e9c4549de0f9cf200c19	LT992467.1	100.000	233	0	0	1	233	1935632	1935864	5.16e-117	431
29eb8e14ce61e9c4549de0f9cf200c19	LT992467.1	100.000	233	0	0	1	233	1940842	1941074	5.16e-117	431
29eb8e14ce61e9c4549de0f9cf200c19	LT992466.1	100.000	233	0	0	1	233	840659	840891	5.16e-117	431
29eb8e14ce61e9c4549de0f9cf200c19	LT992466.1	100.000	233	0	0	1	233	967811	968043	5.16e-117	431
29eb8e14ce61e9c4549de0f9cf200c19	LT992466.1	100.000	233	0	0	1	233	1150357	1150589	5.16e-117	431
29eb8e14ce61e9c4549de0f9cf200c19	LT992466.1	100.000	233	0	0	1	233	2504275	2504043	5.16e-117	431
29eb8e14ce61e9c4549de0f9cf200c19	LT992466.1	100.000	233	0	0	1	233	2509485	2509253	5.16e-117	431
29eb8e14ce61e9c4549de0f9cf200c19	LT992466.1	100.000	233	0	0	1	233	2553823	2553591	5.16e-117	431
29eb8e14ce61e9c4549de0f9cf200c19	LT992465.1	100.000	233	0	0	1	233	1192314	1192082	5.16e-117	431
29eb8e14ce61e9c4549de0f9cf200c19	LT992465.1	100.000	233	0	0	1	233	1197524	1197292	5.16e-117	431
29eb8e14ce61e9c4549de0f9cf200c19	LT992465.1	100.000	233	0	0	1	233	1241982	1241750	5.16e-117	431
29eb8e14ce61e9c4549de0f9cf200c19	LT992465.1	100.000	233	0	0	1	233	2303221	2303453	5.16e-117	431
29eb8e14ce61e9c4549de0f9cf200c19	LT992465.1	100.000	233	0	0	1	233	2430373	2430605	5.16e-117	431
29eb8e14ce61e9c4549de0f9cf200c19	LT992465.1	100.000	233	0	0	1	233	2613881	2614113	5.16e-117	431
29eb8e14ce61e9c4549de0f9cf200c19	LT992464.1	100.000	233	0	0	1	233	369158	369390	5.16e-117	431
29eb8e14ce61e9c4549de0f9cf200c19	LT992464.1	100.000	233	0	0	1	233	496309	496541	5.16e-117	431
29eb8e14ce61e9c4549de0f9cf200c19	LT992464.1	100.000	233	0	0	1	233	677742	677974	5.16e-117	431
29eb8e14ce61e9c4549de0f9cf200c19	LT992464.1	100.000	233	0	0	1	233	2088644	2088412	5.16e-117	431
29eb8e14ce61e9c4549de0f9cf200c19	LT992464.1	100.000	233	0	0	1	233	2093854	2093622	5.16e-117	431
29eb8e14ce61e9c4549de0f9cf200c19	LT992464.1	100.000	233	0	0	1	233	2138448	2138216	5.16e-117	431
29eb8e14ce61e9c4549de0f9cf200c19	LT992463.1	100.000	233	0	0	1	233	732801	733033	5.16e-117	431
29eb8e14ce61e9c4549de0f9cf200c19	LT992463.1	100.000	233	0	0	1	233	777396	777628	5.16e-117	431
29eb8e14ce61e9c4549de0f9cf200c19	LT992463.1	100.000	233	0	0	1	233	782606	782838	5.16e-117	431
29eb8e14ce61e9c4549de0f9cf200c19	LT992463.1	100.000	233	0	0	1	233	2151946	2151714	5.16e-117	431
29eb8e14ce61e9c4549de0f9cf200c19	LT992463.1	100.000	233	0	0	1	233	2292168	2291936	5.16e-117	431
29eb8e14ce61e9c4549de0f9cf200c19	LT992463.1	100.000	233	0	0	1	233	2419320	2419088	5.16e-117	431
29eb8e14ce61e9c4549de0f9cf200c19	LT992462.1	100.000	233	0	0	1	233	1097473	1097241	5.16e-117	431
29eb8e14ce61e9c4549de0f9cf200c19	LT992462.1	100.000	233	0	0	1	233	1102683	1102451	5.16e-117	431
29eb8e14ce61e9c4549de0f9cf200c19	LT992462.1	100.000	233	0	0	1	233	1147277	1147045	5.16e-117	431
29eb8e14ce61e9c4549de0f9cf200c19	LT992462.1	100.000	233	0	0	1	233	1710767	1710535	5.16e-117	431
29eb8e14ce61e9c4549de0f9cf200c19	LT992462.1	100.000	233	0	0	1	233	1874439	1874207	5.16e-117	431
29eb8e14ce61e9c4549de0f9cf200c19	LT992462.1	100.000	233	0	0	1	233	2001591	2001359	5.16e-117	431
29eb8e14ce61e9c4549de0f9cf200c19	LT992461.1	100.000	233	0	0	1	233	81795	81563	5.16e-117	431
29eb8e14ce61e9c4549de0f9cf200c19	LT992461.1	100.000	233	0	0	1	233	263241	263009	5.16e-117	431
29eb8e14ce61e9c4549de0f9cf200c19	LT992461.1	100.000	233	0	0	1	233	390391	390159	5.16e-117	431
29eb8e14ce61e9c4549de0f9cf200c19	LT992461.1	100.000	233	0	0	1	233	1498880	1499112	5.16e-117	431
29eb8e14ce61e9c4549de0f9cf200c19	LT992461.1	100.000	233	0	0	1	233	1543445	1543677	5.16e-117	431
29eb8e14ce61e9c4549de0f9cf200c19	LT992461.1	100.000	233	0	0	1	233	1548655	1548887	5.16e-117	431
29eb8e14ce61e9c4549de0f9cf200c19	LT992460.1	100.000	233	0	0	1	233	374171	373939	5.16e-117	431
29eb8e14ce61e9c4549de0f9cf200c19	LT992460.1	100.000	233	0	0	1	233	379381	379149	5.16e-117	431
29eb8e14ce61e9c4549de0f9cf200c19	LT992460.1	100.000	233	0	0	1	233	423975	423743	5.16e-117	431
29eb8e14ce61e9c4549de0f9cf200c19	LT992460.1	100.000	233	0	0	1	233	1529028	1529260	5.16e-117	431
29eb8e14ce61e9c4549de0f9cf200c19	LT992460.1	100.000	233	0	0	1	233	1656182	1656414	5.16e-117	431
29eb8e14ce61e9c4549de0f9cf200c19	LT992460.1	100.000	233	0	0	1	233	1838436	1838668	5.16e-117	431
29eb8e14ce61e9c4549de0f9cf200c19	LT992458.1	100.000	233	0	0	1	233	15579	15347	5.16e-117	431
29eb8e14ce61e9c4549de0f9cf200c19	LT992458.1	100.000	233	0	0	1	233	20789	20557	5.16e-117	431
29eb8e14ce61e9c4549de0f9cf200c19	LT992458.1	100.000	233	0	0	1	233	65383	65151	5.16e-117	431
29eb8e14ce61e9c4549de0f9cf200c19	LT992458.1	100.000	233	0	0	1	233	1177472	1177704	5.16e-117	431
29eb8e14ce61e9c4549de0f9cf200c19	LT992458.1	100.000	233	0	0	1	233	1317981	1318213	5.16e-117	431
29eb8e14ce61e9c4549de0f9cf200c19	LT992458.1	100.000	233	0	0	1	233	1501425	1501657	5.16e-117	431
29eb8e14ce61e9c4549de0f9cf200c19	LT992458.1	100.000	233	0	0	1	233	2871661	2871429	5.16e-117	431
29eb8e14ce61e9c4549de0f9cf200c19	LT992458.1	100.000	233	0	0	1	233	2876755	2876523	5.16e-117	431
29eb8e14ce61e9c4549de0f9cf200c19	LT992456.1	100.000	233	0	0	1	233	762163	761931	5.16e-117	431
29eb8e14ce61e9c4549de0f9cf200c19	LT992456.1	100.000	233	0	0	1	233	767372	767140	5.16e-117	431
29eb8e14ce61e9c4549de0f9cf200c19	LT992456.1	100.000	233	0	0	1	233	811710	811478	5.16e-117	431
29eb8e14ce61e9c4549de0f9cf200c19	LT992456.1	100.000	233	0	0	1	233	1886334	1886566	5.16e-117	431
29eb8e14ce61e9c4549de0f9cf200c19	LT992456.1	100.000	233	0	0	1	233	2013418	2013650	5.16e-117	431
29eb8e14ce61e9c4549de0f9cf200c19	LT992456.1	100.000	233	0	0	1	233	2196130	2196362	5.16e-117	431
29eb8e14ce61e9c4549de0f9cf200c19	MH634686.1	100.000	233	0	0	1	233	494	726	5.16e-117	431
29eb8e14ce61e9c4549de0f9cf200c19	MH628208.1	100.000	233	0	0	1	233	188	420	5.16e-117	431
29eb8e14ce61e9c4549de0f9cf200c19	CP030326.1	100.000	233	0	0	1	233	541408	541640	5.16e-117	431
29eb8e14ce61e9c4549de0f9cf200c19	CP030326.1	100.000	233	0	0	1	233	585727	585959	5.16e-117	431
29eb8e14ce61e9c4549de0f9cf200c19	CP030326.1	100.000	233	0	0	1	233	590939	591171	5.16e-117	431
29eb8e14ce61e9c4549de0f9cf200c19	CP030326.1	100.000	233	0	0	1	233	2046268	2046036	5.16e-117	431
29eb8e14ce61e9c4549de0f9cf200c19	CP030326.1	100.000	233	0	0	1	233	2219212	2218980	5.16e-117	431
29eb8e14ce61e9c4549de0f9cf200c19	CP030326.1	100.000	233	0	0	1	233	2334299	2334067	5.16e-117	431
29eb8e14ce61e9c4549de0f9cf200c19	MH383054.1	100.000	233	0	0	1	233	531	763	5.16e-117	431
29eb8e14ce61e9c4549de0f9cf200c19	MG697102.1	100.000	233	0	0	1	233	67	299	5.16e-117	431
29eb8e14ce61e9c4549de0f9cf200c19	MG697090.1	100.000	233	0	0	1	233	205	437	5.16e-117	431
29eb8e14ce61e9c4549de0f9cf200c19	MG697079.1	100.000	233	0	0	1	233	120	352	5.16e-117	431
29eb8e14ce61e9c4549de0f9cf200c19	MG697077.1	100.000	233	0	0	1	233	205	437	5.16e-117	431
29eb8e14ce61e9c4549de0f9cf200c19	MG697076.1	100.000	233	0	0	1	233	126	358	5.16e-117	431
29eb8e14ce61e9c4549de0f9cf200c19	MG697071.1	100.000	233	0	0	1	233	210	442	5.16e-117	431
29eb8e14ce61e9c4549de0f9cf200c19	MG697064.1	100.000	233	0	0	1	233	210	442	5.16e-117	431
29eb8e14ce61e9c4549de0f9cf200c19	MG697062.1	100.000	233	0	0	1	233	175	407	5.16e-117	431
29eb8e14ce61e9c4549de0f9cf200c19	MG697036.1	100.000	233	0	0	1	233	83	315	5.16e-117	431
29eb8e14ce61e9c4549de0f9cf200c19	MG697006.1	100.000	233	0	0	1	233	210	442	5.16e-117	431
29eb8e14ce61e9c4549de0f9cf200c19	MG697005.1	100.000	233	0	0	1	233	210	442	5.16e-117	431
29eb8e14ce61e9c4549de0f9cf200c19	MG697004.1	100.000	233	0	0	1	233	65	297	5.16e-117	431
29eb8e14ce61e9c4549de0f9cf200c19	MG697003.1	100.000	233	0	0	1	233	209	441	5.16e-117	431
29eb8e14ce61e9c4549de0f9cf200c19	MG696974.1	100.000	233	0	0	1	233	209	441	5.16e-117	431
29eb8e14ce61e9c4549de0f9cf200c19	CP030246.1	100.000	233	0	0	1	233	774125	774357	5.16e-117	431
29eb8e14ce61e9c4549de0f9cf200c19	CP030246.1	100.000	233	0	0	1	233	861881	862113	5.16e-117	431
29eb8e14ce61e9c4549de0f9cf200c19	CP030246.1	100.000	233	0	0	1	233	977174	977406	5.16e-117	431
29eb8e14ce61e9c4549de0f9cf200c19	CP030246.1	100.000	233	0	0	1	233	2313350	2313118	5.16e-117	431
29eb8e14ce61e9c4549de0f9cf200c19	CP030246.1	100.000	233	0	0	1	233	2318502	2318270	5.16e-117	431
29eb8e14ce61e9c4549de0f9cf200c19	CP030246.1	100.000	233	0	0	1	233	2363142	2362910	5.16e-117	431
29eb8e14ce61e9c4549de0f9cf200c19	MH392297.1	100.000	233	0	0	1	233	514	746	5.16e-117	431
29eb8e14ce61e9c4549de0f9cf200c19	MH392295.1	100.000	233	0	0	1	233	514	746	5.16e-117	431
29eb8e14ce61e9c4549de0f9cf200c19	MH392291.1	100.000	233	0	0	1	233	517	749	5.16e-117	431
29eb8e14ce61e9c4549de0f9cf200c19	MH392290.1	100.000	233	0	0	1	233	514	746	5.16e-117	431
29eb8e14ce61e9c4549de0f9cf200c19	MH374437.1	100.000	233	0	0	1	233	513	745	5.16e-117	431
29eb8e14ce61e9c4549de0f9cf200c19	MH374436.1	100.000	233	0	0	1	233	513	745	5.16e-117	431
29eb8e14ce61e9c4549de0f9cf200c19	MH374435.1	100.000	233	0	0	1	233	517	749	5.16e-117	431
29eb8e14ce61e9c4549de0f9cf200c19	MH374434.1	100.000	233	0	0	1	233	516	748	5.16e-117	431
29eb8e14ce61e9c4549de0f9cf200c19	MH374433.1	100.000	233	0	0	1	233	516	748	5.16e-117	431
29eb8e14ce61e9c4549de0f9cf200c19	MH368264.1	100.000	233	0	0	1	233	547	779	5.16e-117	431
29eb8e14ce61e9c4549de0f9cf200c19	MH368263.1	100.000	233	0	0	1	233	558	790	5.16e-117	431
29eb8e14ce61e9c4549de0f9cf200c19	MH368256.1	100.000	233	0	0	1	233	533	765	5.16e-117	431
29eb8e14ce61e9c4549de0f9cf200c19	MH368118.1	100.000	233	0	0	1	233	534	766	5.16e-117	431
29eb8e14ce61e9c4549de0f9cf200c19	MF407110.1	100.000	233	0	0	1	233	522	754	5.16e-117	431
29eb8e14ce61e9c4549de0f9cf200c19	MF681861.1	100.000	233	0	0	1	233	496	728	5.16e-117	431
29eb8e14ce61e9c4549de0f9cf200c19	MG800691.1	100.000	233	0	0	1	233	485	717	5.16e-117	431
29eb8e14ce61e9c4549de0f9cf200c19	MH346274.1	100.000	233	0	0	1	233	547	779	5.16e-117	431
29eb8e14ce61e9c4549de0f9cf200c19	MH346273.1	100.000	233	0	0	1	233	547	779	5.16e-117	431
29eb8e14ce61e9c4549de0f9cf200c19	MH346269.1	100.000	233	0	0	1	233	544	776	5.16e-117	431
29eb8e14ce61e9c4549de0f9cf200c19	MH346262.1	100.000	233	0	0	1	233	548	780	5.16e-117	431
29eb8e14ce61e9c4549de0f9cf200c19	MH346255.1	100.000	233	0	0	1	233	548	780	5.16e-117	431
29eb8e14ce61e9c4549de0f9cf200c19	MH346251.1	100.000	233	0	0	1	233	549	781	5.16e-117	431
29eb8e14ce61e9c4549de0f9cf200c19	MH346238.1	100.000	233	0	0	1	233	549	781	5.16e-117	431
29eb8e14ce61e9c4549de0f9cf200c19	MH346236.1	100.000	233	0	0	1	233	550	782	5.16e-117	431
29eb8e14ce61e9c4549de0f9cf200c19	MH346228.1	100.000	233	0	0	1	233	548	780	5.16e-117	431
29eb8e14ce61e9c4549de0f9cf200c19	LC383923.1	100.000	233	0	0	1	233	524	756	5.16e-117	431
29eb8e14ce61e9c4549de0f9cf200c19	LC383922.1	100.000	233	0	0	1	233	524	756	5.16e-117	431
29eb8e14ce61e9c4549de0f9cf200c19	MH325328.1	100.000	233	0	0	1	233	512	744	5.16e-117	431
29eb8e14ce61e9c4549de0f9cf200c19	MH325327.1	100.000	233	0	0	1	233	512	744	5.16e-117	431
29eb8e14ce61e9c4549de0f9cf200c19	MH325326.1	100.000	233	0	0	1	233	512	744	5.16e-117	431
29eb8e14ce61e9c4549de0f9cf200c19	MH325325.1	100.000	233	0	0	1	233	512	744	5.16e-117	431
29eb8e14ce61e9c4549de0f9cf200c19	MH325324.1	100.000	233	0	0	1	233	512	744	5.16e-117	431
29eb8e14ce61e9c4549de0f9cf200c19	MH325323.1	100.000	233	0	0	1	233	512	744	5.16e-117	431
29eb8e14ce61e9c4549de0f9cf200c19	MH325322.1	100.000	233	0	0	1	233	512	744	5.16e-117	431
29eb8e14ce61e9c4549de0f9cf200c19	MH325321.1	100.000	233	0	0	1	233	511	743	5.16e-117	431
29eb8e14ce61e9c4549de0f9cf200c19	MH325320.1	100.000	233	0	0	1	233	511	743	5.16e-117	431
29eb8e14ce61e9c4549de0f9cf200c19	MH325319.1	100.000	233	0	0	1	233	511	743	5.16e-117	431
29eb8e14ce61e9c4549de0f9cf200c19	MH325318.1	100.000	233	0	0	1	233	511	743	5.16e-117	431
29eb8e14ce61e9c4549de0f9cf200c19	MH325317.1	100.000	233	0	0	1	233	511	743	5.16e-117	431
29eb8e14ce61e9c4549de0f9cf200c19	MH325316.1	100.000	233	0	0	1	233	511	743	5.16e-117	431
29eb8e14ce61e9c4549de0f9cf200c19	MH325315.1	100.000	233	0	0	1	233	509	741	5.16e-117	431
29eb8e14ce61e9c4549de0f9cf200c19	MH325314.1	100.000	233	0	0	1	233	509	741	5.16e-117	431
29eb8e14ce61e9c4549de0f9cf200c19	MH325313.1	100.000	233	0	0	1	233	511	743	5.16e-117	431
29eb8e14ce61e9c4549de0f9cf200c19	MH325310.1	100.000	233	0	0	1	233	511	743	5.16e-117	431
29eb8e14ce61e9c4549de0f9cf200c19	MH325308.1	100.000	233	0	0	1	233	512	744	5.16e-117	431
29eb8e14ce61e9c4549de0f9cf200c19	MH325307.1	100.000	233	0	0	1	233	512	744	5.16e-117	431
# blastn
# Iteration: 0
# Query: 357551f644064bb2b49614b1caab2fa5
# RID: P3PP5MNV01R
# Database: nr
# Fields: query acc.ver, subject acc.ver, % identity, alignment length, mismatches, gap opens, q. start, q. end, s. start, s. end, evalue, bit score
# 100 hits found
357551f644064bb2b49614b1caab2fa5	MH636838.1	100.000	232	0	0	1	232	544	775	1.85e-116	429
357551f644064bb2b49614b1caab2fa5	MG697040.1	100.000	232	0	0	1	232	210	441	1.85e-116	429
357551f644064bb2b49614b1caab2fa5	MH463669.1	100.000	232	0	0	1	232	515	746	1.85e-116	429
357551f644064bb2b49614b1caab2fa5	MH447064.1	100.000	232	0	0	1	232	521	752	1.85e-116	429
357551f644064bb2b49614b1caab2fa5	MH447039.1	100.000	232	0	0	1	232	304	535	1.85e-116	429
357551f644064bb2b49614b1caab2fa5	MH447038.1	100.000	232	0	0	1	232	518	749	1.85e-116	429
357551f644064bb2b49614b1caab2fa5	MF538605.1	100.000	232	0	0	1	232	424	655	1.85e-116	429
357551f644064bb2b49614b1caab2fa5	LC383838.1	100.000	232	0	0	1	232	532	763	1.85e-116	429
357551f644064bb2b49614b1caab2fa5	LC383836.1	100.000	232	0	0	1	232	531	762	1.85e-116	429
357551f644064bb2b49614b1caab2fa5	MH221914.1	100.000	232	0	0	1	232	186	417	1.85e-116	429
357551f644064bb2b49614b1caab2fa5	MG558098.1	100.000	232	0	0	1	232	11	242	1.85e-116	429
357551f644064bb2b49614b1caab2fa5	MH161960.1	100.000	232	0	0	1	232	12	243	1.85e-116	429
357551f644064bb2b49614b1caab2fa5	MH152465.1	100.000	232	0	0	1	232	11	242	1.85e-116	429
357551f644064bb2b49614b1caab2fa5	MH148812.1	100.000	232	0	0	1	232	12	243	1.85e-116	429
357551f644064bb2b49614b1caab2fa5	MH146504.1	100.000	232	0	0	1	232	12	243	1.85e-116	429
357551f644064bb2b49614b1caab2fa5	MG062920.2	100.000	232	0	0	1	232	495	726	1.85e-116	429
357551f644064bb2b49614b1caab2fa5	MG062914.2	100.000	232	0	0	1	232	494	725	1.85e-116	429
357551f644064bb2b49614b1caab2fa5	MG062907.2	100.000	232	0	0	1	232	496	727	1.85e-116	429
357551f644064bb2b49614b1caab2fa5	MG062905.2	100.000	232	0	0	1	232	494	725	1.85e-116	429
357551f644064bb2b49614b1caab2fa5	MG029432.2	100.000	232	0	0	1	232	545	776	1.85e-116	429
357551f644064bb2b49614b1caab2fa5	MG928577.1	100.000	232	0	0	1	232	185	416	1.85e-116	429
357551f644064bb2b49614b1caab2fa5	MG460586.1	100.000	232	0	0	1	232	784	553	1.85e-116	429
357551f644064bb2b49614b1caab2fa5	MF406450.1	100.000	232	0	0	1	232	11	242	1.85e-116	429
357551f644064bb2b49614b1caab2fa5	LC359972.1	100.000	232	0	0	1	232	188	419	1.85e-116	429
357551f644064bb2b49614b1caab2fa5	LC359801.1	100.000	232	0	0	1	232	188	419	1.85e-116	429
357551f644064bb2b49614b1caab2fa5	LC359772.1	100.000	232	0	0	1	232	188	419	1.85e-116	429
357551f644064bb2b49614b1caab2fa5	LC359758.1	100.000	232	0	0	1	232	188	419	1.85e-116	429
357551f644064bb2b49614b1caab2fa5	LC359733.1	100.000	232	0	0	1	232	188	419	1.85e-116	429
357551f644064bb2b49614b1caab2fa5	LC359564.1	100.000	232	0	0	1	232	188	419	1.85e-116	429
357551f644064bb2b49614b1caab2fa5	LC359355.1	100.000	232	0	0	1	232	188	419	1.85e-116	429
357551f644064bb2b49614b1caab2fa5	LC359198.1	100.000	232	0	0	1	232	188	419	1.85e-116	429
357551f644064bb2b49614b1caab2fa5	LC359136.1	100.000	232	0	0	1	232	188	419	1.85e-116	429
357551f644064bb2b49614b1caab2fa5	LC359135.1	100.000	232	0	0	1	232	188	419	1.85e-116	429
357551f644064bb2b49614b1caab2fa5	LC359134.1	100.000	232	0	0	1	232	188	419	1.85e-116	429
357551f644064bb2b49614b1caab2fa5	LC359131.1	100.000	232	0	0	1	232	188	419	1.85e-116	429
357551f644064bb2b49614b1caab2fa5	LC359129.1	100.000	232	0	0	1	232	188	419	1.85e-116	429
357551f644064bb2b49614b1caab2fa5	LC359125.1	100.000	232	0	0	1	232	188	419	1.85e-116	429
357551f644064bb2b49614b1caab2fa5	LC359122.1	100.000	232	0	0	1	232	188	419	1.85e-116	429
357551f644064bb2b49614b1caab2fa5	LC359121.1	100.000	232	0	0	1	232	188	419	1.85e-116	429
357551f644064bb2b49614b1caab2fa5	LC359111.1	100.000	232	0	0	1	232	190	421	1.85e-116	429
357551f644064bb2b49614b1caab2fa5	LC359102.1	100.000	232	0	0	1	232	188	419	1.85e-116	429
357551f644064bb2b49614b1caab2fa5	LC359099.1	100.000	232	0	0	1	232	188	419	1.85e-116	429
357551f644064bb2b49614b1caab2fa5	LC359093.1	100.000	232	0	0	1	232	188	419	1.85e-116	429
357551f644064bb2b49614b1caab2fa5	LC359082.1	100.000	232	0	0	1	232	188	419	1.85e-116	429
357551f644064bb2b49614b1caab2fa5	LC359081.1	100.000	232	0	0	1	232	188	419	1.85e-116	429
357551f644064bb2b49614b1caab2fa5	LC359076.1	100.000	232	0	0	1	232	188	419	1.85e-116	429
357551f644064bb2b49614b1caab2fa5	LC359068.1	100.000	232	0	0	1	232	188	419	1.85e-116	429
357551f644064bb2b49614b1caab2fa5	LC359067.1	100.000	232	0	0	1	232	188	419	1.85e-116	429
357551f644064bb2b49614b1caab2fa5	LC359062.1	100.000	232	0	0	1	232	188	419	1.85e-116	429
357551f644064bb2b49614b1caab2fa5	LC359060.1	100.000	232	0	0	1	232	189	420	1.85e-116	429
357551f644064bb2b49614b1caab2fa5	LC359053.1	100.000	232	0	0	1	232	188	419	1.85e-116	429
357551f644064bb2b49614b1caab2fa5	LC359050.1	100.000	232	0	0	1	232	188	419	1.85e-116	429
357551f644064bb2b49614b1caab2fa5	LC359044.1	100.000	232	0	0	1	232	188	419	1.85e-116	429
357551f644064bb2b49614b1caab2fa5	LC359038.1	100.000	232	0	0	1	232	188	419	1.85e-116	429
357551f644064bb2b49614b1caab2fa5	LC359005.1	100.000	232	0	0	1	232	188	419	1.85e-116	429
357551f644064bb2b49614b1caab2fa5	LC358984.1	100.000	232	0	0	1	232	188	419	1.85e-116	429
357551f644064bb2b49614b1caab2fa5	LC358983.1	100.000	232	0	0	1	232	188	419	1.85e-116	429
357551f644064bb2b49614b1caab2fa5	LC358972.1	100.000	232	0	0	1	232	188	419	1.85e-116	429
357551f644064bb2b49614b1caab2fa5	LC358970.1	100.000	232	0	0	1	232	188	419	1.85e-116	429
357551f644064bb2b49614b1caab2fa5	LC358963.1	100.000	232	0	0	1	232	188	419	1.85e-116	429
357551f644064bb2b49614b1caab2fa5	LC358957.1	100.000	232	0	0	1	232	188	419	1.85e-116	429
357551f644064bb2b49614b1caab2fa5	LC358953.1	100.000	232	0	0	1	232	188	419	1.85e-116	429
357551f644064bb2b49614b1caab2fa5	LC358918.1	100.000	232	0	0	1	232	188	419	1.85e-116	429
357551f644064bb2b49614b1caab2fa5	LC358912.1	100.000	232	0	0	1	232	188	419	1.85e-116	429
357551f644064bb2b49614b1caab2fa5	LC358879.1	100.000	232	0	0	1	232	188	419	1.85e-116	429
357551f644064bb2b49614b1caab2fa5	LC358423.1	100.000	232	0	0	1	232	188	419	1.85e-116	429
357551f644064bb2b49614b1caab2fa5	LC358422.1	100.000	232	0	0	1	232	188	419	1.85e-116	429
357551f644064bb2b49614b1caab2fa5	LC358409.1	100.000	232	0	0	1	232	188	419	1.85e-116	429
357551f644064bb2b49614b1caab2fa5	LC358396.1	100.000	232	0	0	1	232	188	419	1.85e-116	429
357551f644064bb2b49614b1caab2fa5	LC358393.1	100.000	232	0	0	1	232	188	419	1.85e-116	429
357551f644064bb2b49614b1caab2fa5	LC358381.1	100.000	232	0	0	1	232	188	419	1.85e-116	429
357551f644064bb2b49614b1caab2fa5	LC358375.1	100.000	232	0	0	1	232	188	419	1.85e-116	429
357551f644064bb2b49614b1caab2fa5	LC358857.1	100.000	232	0	0	1	232	188	419	1.85e-116	429
357551f644064bb2b49614b1caab2fa5	LC358831.1	100.000	232	0	0	1	232	188	419	1.85e-116	429
357551f644064bb2b49614b1caab2fa5	LC358743.1	100.000	232	0	0	1	232	188	419	1.85e-116	429
357551f644064bb2b49614b1caab2fa5	LC358691.1	100.000	232	0	0	1	232	188	419	1.85e-116	429
357551f644064bb2b49614b1caab2fa5	LC358690.1	100.000	232	0	0	1	232	188	419	1.85e-116	429
357551f644064bb2b49614b1caab2fa5	LC358647.1	100.000	232	0	0	1	232	188	419	1.85e-116	429
357551f644064bb2b49614b1caab2fa5	LC358645.1	100.000	232	0	0	1	232	188	419	1.85e-116	429
357551f644064bb2b49614b1caab2fa5	LC358634.1	100.000	232	0	0	1	232	188	419	1.85e-116	429
357551f644064bb2b49614b1caab2fa5	LC358631.1	100.000	232	0	0	1	232	188	419	1.85e-116	429
357551f644064bb2b49614b1caab2fa5	LC358601.1	100.000	232	0	0	1	232	188	419	1.85e-116	429
357551f644064bb2b49614b1caab2fa5	LC358511.1	100.000	232	0	0	1	232	188	419	1.85e-116	429
357551f644064bb2b49614b1caab2fa5	LC358492.1	100.000	232	0	0	1	232	188	419	1.85e-116	429
357551f644064bb2b49614b1caab2fa5	LC358476.1	100.000	232	0	0	1	232	188	419	1.85e-116	429
357551f644064bb2b49614b1caab2fa5	LC358472.1	100.000	232	0	0	1	232	188	419	1.85e-116	429
357551f644064bb2b49614b1caab2fa5	LC358457.1	100.000	232	0	0	1	232	188	419	1.85e-116	429
357551f644064bb2b49614b1caab2fa5	LC358456.1	100.000	232	0	0	1	232	188	419	1.85e-116	429
357551f644064bb2b49614b1caab2fa5	LC358455.1	100.000	232	0	0	1	232	188	419	1.85e-116	429
357551f644064bb2b49614b1caab2fa5	LC358454.1	100.000	232	0	0	1	232	187	418	1.85e-116	429
357551f644064bb2b49614b1caab2fa5	LC358447.1	100.000	232	0	0	1	232	188	419	1.85e-116	429
357551f644064bb2b49614b1caab2fa5	LC358430.1	100.000	232	0	0	1	232	188	419	1.85e-116	429
357551f644064bb2b49614b1caab2fa5	LC358357.1	100.000	232	0	0	1	232	188	419	1.85e-116	429
357551f644064bb2b49614b1caab2fa5	LC358356.1	100.000	232	0	0	1	232	188	419	1.85e-116	429
357551f644064bb2b49614b1caab2fa5	LC358329.1	100.000	232	0	0	1	232	188	419	1.85e-116	429
357551f644064bb2b49614b1caab2fa5	LC358316.1	100.000	232	0	0	1	232	188	419	1.85e-116	429
357551f644064bb2b49614b1caab2fa5	LC358314.1	100.000	232	0	0	1	232	188	419	1.85e-116	429
357551f644064bb2b49614b1caab2fa5	LC358307.1	100.000	232	0	0	1	232	188	419	1.85e-116	429
357551f644064bb2b49614b1caab2fa5	LC358298.1	100.000	232	0	0	1	232	188	419	1.85e-116	429
357551f644064bb2b49614b1caab2fa5	LC358287.1	100.000	232	0	0	1	232	188	419	1.85e-116	429
# blastn
# Iteration: 0
# Query: b1b8738ca679c1266fa0369c13932a61
# RID: P3PP5MNV01R
# Database: nr
# Fields: query acc.ver, subject acc.ver, % identity, alignment length, mismatches, gap opens, q. start, q. end, s. start, s. end, evalue, bit score
# 100 hits found
b1b8738ca679c1266fa0369c13932a61	MG697032.1	100.000	234	0	0	1	234	70	303	1.43e-117	433
b1b8738ca679c1266fa0369c13932a61	MG697030.1	100.000	234	0	0	1	234	190	423	1.43e-117	433
b1b8738ca679c1266fa0369c13932a61	MG697028.1	100.000	234	0	0	1	234	190	423	1.43e-117	433
b1b8738ca679c1266fa0369c13932a61	MG697025.1	100.000	234	0	0	1	234	71	304	1.43e-117	433
b1b8738ca679c1266fa0369c13932a61	MG696965.1	100.000	234	0	0	1	234	188	421	1.43e-117	433
b1b8738ca679c1266fa0369c13932a61	MG696963.1	100.000	234	0	0	1	234	189	422	1.43e-117	433
b1b8738ca679c1266fa0369c13932a61	MH165140.1	100.000	234	0	0	1	234	14	247	1.43e-117	433
b1b8738ca679c1266fa0369c13932a61	KY386180.1	100.000	234	0	0	1	234	38	271	1.43e-117	433
b1b8738ca679c1266fa0369c13932a61	LC358592.1	100.000	234	0	0	1	234	168	401	1.43e-117	433
b1b8738ca679c1266fa0369c13932a61	LC358585.1	100.000	234	0	0	1	234	169	402	1.43e-117	433
b1b8738ca679c1266fa0369c13932a61	LC358584.1	100.000	234	0	0	1	234	169	402	1.43e-117	433
b1b8738ca679c1266fa0369c13932a61	LC358569.1	100.000	234	0	0	1	234	169	402	1.43e-117	433
b1b8738ca679c1266fa0369c13932a61	LC356623.1	100.000	234	0	0	1	234	168	401	1.43e-117	433
b1b8738ca679c1266fa0369c13932a61	KU153247.1	100.000	234	0	0	1	234	14	247	1.43e-117	433
b1b8738ca679c1266fa0369c13932a61	MG051744.1	100.000	234	0	0	1	234	185	418	1.43e-117	433
b1b8738ca679c1266fa0369c13932a61	MF111113.1	100.000	234	0	0	1	234	473	706	1.43e-117	433
b1b8738ca679c1266fa0369c13932a61	LC268691.1	100.000	234	0	0	1	234	168	401	1.43e-117	433
b1b8738ca679c1266fa0369c13932a61	KX351059.1	100.000	234	0	0	1	234	168	401	1.43e-117	433
b1b8738ca679c1266fa0369c13932a61	LT694620.1	100.000	234	0	0	1	234	492	725	1.43e-117	433
b1b8738ca679c1266fa0369c13932a61	KX995850.1	100.000	234	0	0	1	234	186	419	1.43e-117	433
b1b8738ca679c1266fa0369c13932a61	KU506654.1	100.000	234	0	0	1	234	169	402	1.43e-117	433
b1b8738ca679c1266fa0369c13932a61	KT714256.1	100.000	234	0	0	1	234	291	524	1.43e-117	433
b1b8738ca679c1266fa0369c13932a61	KT714249.1	100.000	234	0	0	1	234	291	524	1.43e-117	433
b1b8738ca679c1266fa0369c13932a61	KT792613.1	100.000	234	0	0	1	234	21	254	1.43e-117	433
b1b8738ca679c1266fa0369c13932a61	KP904495.1	100.000	234	0	0	1	234	11	244	1.43e-117	433
b1b8738ca679c1266fa0369c13932a61	KP305662.1	100.000	234	0	0	1	234	291	524	1.43e-117	433
b1b8738ca679c1266fa0369c13932a61	KP305328.1	100.000	234	0	0	1	234	291	524	1.43e-117	433
b1b8738ca679c1266fa0369c13932a61	KP305293.1	100.000	234	0	0	1	234	291	524	1.43e-117	433
b1b8738ca679c1266fa0369c13932a61	KP304621.1	100.000	234	0	0	1	234	291	524	1.43e-117	433
b1b8738ca679c1266fa0369c13932a61	KP304604.1	100.000	234	0	0	1	234	291	524	1.43e-117	433
b1b8738ca679c1266fa0369c13932a61	KP304595.1	100.000	234	0	0	1	234	291	524	1.43e-117	433
b1b8738ca679c1266fa0369c13932a61	KP304204.1	100.000	234	0	0	1	234	291	524	1.43e-117	433
b1b8738ca679c1266fa0369c13932a61	KP304190.1	100.000	234	0	0	1	234	292	525	1.43e-117	433
b1b8738ca679c1266fa0369c13932a61	KP304159.1	100.000	234	0	0	1	234	292	525	1.43e-117	433
b1b8738ca679c1266fa0369c13932a61	KP304157.1	100.000	234	0	0	1	234	291	524	1.43e-117	433
b1b8738ca679c1266fa0369c13932a61	KP304144.1	100.000	234	0	0	1	234	292	525	1.43e-117	433
b1b8738ca679c1266fa0369c13932a61	KP304134.1	100.000	234	0	0	1	234	292	525	1.43e-117	433
b1b8738ca679c1266fa0369c13932a61	KP304128.1	100.000	234	0	0	1	234	291	524	1.43e-117	433
b1b8738ca679c1266fa0369c13932a61	KP304112.1	100.000	234	0	0	1	234	291	524	1.43e-117	433
b1b8738ca679c1266fa0369c13932a61	KP304086.1	100.000	234	0	0	1	234	291	524	1.43e-117	433
b1b8738ca679c1266fa0369c13932a61	KP304080.1	100.000	234	0	0	1	234	292	525	1.43e-117	433
b1b8738ca679c1266fa0369c13932a61	KP304078.1	100.000	234	0	0	1	234	291	524	1.43e-117	433
b1b8738ca679c1266fa0369c13932a61	KP304059.1	100.000	234	0	0	1	234	291	524	1.43e-117	433
b1b8738ca679c1266fa0369c13932a61	KP304054.1	100.000	234	0	0	1	234	292	525	1.43e-117	433
b1b8738ca679c1266fa0369c13932a61	KJ785915.1	100.000	234	0	0	1	234	6	239	1.43e-117	433
b1b8738ca679c1266fa0369c13932a61	KF110636.1	100.000	234	0	0	1	234	492	725	1.43e-117	433
b1b8738ca679c1266fa0369c13932a61	KF110542.1	100.000	234	0	0	1	234	491	724	1.43e-117	433
b1b8738ca679c1266fa0369c13932a61	KF110351.1	100.000	234	0	0	1	234	492	725	1.43e-117	433
b1b8738ca679c1266fa0369c13932a61	KF110342.1	100.000	234	0	0	1	234	493	726	1.43e-117	433
b1b8738ca679c1266fa0369c13932a61	KF110324.1	100.000	234	0	0	1	234	496	729	1.43e-117	433
b1b8738ca679c1266fa0369c13932a61	KF110284.1	100.000	234	0	0	1	234	492	725	1.43e-117	433
b1b8738ca679c1266fa0369c13932a61	KF110261.1	100.000	234	0	0	1	234	492	725	1.43e-117	433
b1b8738ca679c1266fa0369c13932a61	KF110243.1	100.000	234	0	0	1	234	492	725	1.43e-117	433
b1b8738ca679c1266fa0369c13932a61	KF110222.1	100.000	234	0	0	1	234	492	725	1.43e-117	433
b1b8738ca679c1266fa0369c13932a61	KF110214.1	100.000	234	0	0	1	234	492	725	1.43e-117	433
b1b8738ca679c1266fa0369c13932a61	KF110211.1	100.000	234	0	0	1	234	492	725	1.43e-117	433
b1b8738ca679c1266fa0369c13932a61	KF110200.1	100.000	234	0	0	1	234	491	724	1.43e-117	433
b1b8738ca679c1266fa0369c13932a61	KF110194.1	100.000	234	0	0	1	234	495	728	1.43e-117	433
b1b8738ca679c1266fa0369c13932a61	KF110177.1	100.000	234	0	0	1	234	492	725	1.43e-117	433
b1b8738ca679c1266fa0369c13932a61	KF110156.1	100.000	234	0	0	1	234	492	725	1.43e-117	433
b1b8738ca679c1266fa0369c13932a61	KF110097.1	100.000	234	0	0	1	234	492	725	1.43e-117	433
b1b8738ca679c1266fa0369c13932a61	KF110090.1	100.000	234	0	0	1	234	492	725	1.43e-117	433
b1b8738ca679c1266fa0369c13932a61	KF110075.1	100.000	234	0	0	1	234	493	726	1.43e-117	433
b1b8738ca679c1266fa0369c13932a61	KF109933.1	100.000	234	0	0	1	234	492	725	1.43e-117	433
b1b8738ca679c1266fa0369c13932a61	KF109911.1	100.000	234	0	0	1	234	492	725	1.43e-117	433
b1b8738ca679c1266fa0369c13932a61	KF109895.1	100.000	234	0	0	1	234	493	726	1.43e-117	433
b1b8738ca679c1266fa0369c13932a61	KF109887.1	100.000	234	0	0	1	234	492	725	1.43e-117	433
b1b8738ca679c1266fa0369c13932a61	KF109678.1	100.000	234	0	0	1	234	492	725	1.43e-117	433
b1b8738ca679c1266fa0369c13932a61	KF109651.1	100.000	234	0	0	1	234	492	725	1.43e-117	433
b1b8738ca679c1266fa0369c13932a61	KF109490.1	100.000	234	0	0	1	234	491	724	1.43e-117	433
b1b8738ca679c1266fa0369c13932a61	KF109184.1	100.000	234	0	0	1	234	492	725	1.43e-117	433
b1b8738ca679c1266fa0369c13932a61	KF109149.1	100.000	234	0	0	1	234	492	725	1.43e-117	433
b1b8738ca679c1266fa0369c13932a61	KF109128.1	100.000	234	0	0	1	234	492	725	1.43e-117	433
b1b8738ca679c1266fa0369c13932a61	KF109107.1	100.000	234	0	0	1	234	491	724	1.43e-117	433
b1b8738ca679c1266fa0369c13932a61	KF109097.1	100.000	234	0	0	1	234	492	725	1.43e-117	433
b1b8738ca679c1266fa0369c13932a61	KF109082.1	100.000	234	0	0	1	234	492	725	1.43e-117	433
b1b8738ca679c1266fa0369c13932a61	KF109032.1	100.000	234	0	0	1	234	492	725	1.43e-117	433
b1b8738ca679c1266fa0369c13932a61	KF107290.1	100.000	234	0	0	1	234	492	725	1.43e-117	433
b1b8738ca679c1266fa0369c13932a61	KF107283.1	100.000	234	0	0	1	234	492	725	1.43e-117	433
b1b8738ca679c1266fa0369c13932a61	KF107266.1	100.000	234	0	0	1	234	492	725	1.43e-117	433
b1b8738ca679c1266fa0369c13932a61	KF107258.1	100.000	234	0	0	1	234	492	725	1.43e-117	433
b1b8738ca679c1266fa0369c13932a61	KF107245.1	100.000	234	0	0	1	234	492	725	1.43e-117	433
b1b8738ca679c1266fa0369c13932a61	KF107215.1	100.000	234	0	0	1	234	492	725	1.43e-117	433
b1b8738ca679c1266fa0369c13932a61	KF107189.1	100.000	234	0	0	1	234	492	725	1.43e-117	433
b1b8738ca679c1266fa0369c13932a61	KF107186.1	100.000	234	0	0	1	234	492	725	1.43e-117	433
b1b8738ca679c1266fa0369c13932a61	KF107175.1	100.000	234	0	0	1	234	492	725	1.43e-117	433
b1b8738ca679c1266fa0369c13932a61	KF107160.1	100.000	234	0	0	1	234	491	724	1.43e-117	433
b1b8738ca679c1266fa0369c13932a61	KF107152.1	100.000	234	0	0	1	234	492	725	1.43e-117	433
b1b8738ca679c1266fa0369c13932a61	KF107132.1	100.000	234	0	0	1	234	492	725	1.43e-117	433
b1b8738ca679c1266fa0369c13932a61	KF107072.1	100.000	234	0	0	1	234	492	725	1.43e-117	433
b1b8738ca679c1266fa0369c13932a61	KF107070.1	100.000	234	0	0	1	234	492	725	1.43e-117	433
b1b8738ca679c1266fa0369c13932a61	KF107065.1	100.000	234	0	0	1	234	494	727	1.43e-117	433
b1b8738ca679c1266fa0369c13932a61	KF107047.1	100.000	234	0	0	1	234	492	725	1.43e-117	433
b1b8738ca679c1266fa0369c13932a61	KF106953.1	100.000	234	0	0	1	234	492	725	1.43e-117	433
b1b8738ca679c1266fa0369c13932a61	KF106951.1	100.000	234	0	0	1	234	492	725	1.43e-117	433
b1b8738ca679c1266fa0369c13932a61	KF106942.1	100.000	234	0	0	1	234	492	725	1.43e-117	433
b1b8738ca679c1266fa0369c13932a61	KF106896.1	100.000	234	0	0	1	234	492	725	1.43e-117	433
b1b8738ca679c1266fa0369c13932a61	KF106825.1	100.000	234	0	0	1	234	492	725	1.43e-117	433
b1b8738ca679c1266fa0369c13932a61	KF106820.1	100.000	234	0	0	1	234	492	725	1.43e-117	433
b1b8738ca679c1266fa0369c13932a61	KF106778.1	100.000	234	0	0	1	234	492	725	1.43e-117	433
# blastn
# Iteration: 0
# Query: ce2c5727311ce3fbb8f1ed2c18fb924a
# RID: P3PP5MNV01R
# Database: nr
# Fields: query acc.ver, subject acc.ver, % identity, alignment length, mismatches, gap opens, q. start, q. end, s. start, s. end, evalue, bit score
# 104 hits found
ce2c5727311ce3fbb8f1ed2c18fb924a	MH605447.1	100.000	233	0	0	1	233	134	366	5.16e-117	431
ce2c5727311ce3fbb8f1ed2c18fb924a	MH594521.1	100.000	233	0	0	1	233	109	341	5.16e-117	431
ce2c5727311ce3fbb8f1ed2c18fb924a	MH578632.1	100.000	233	0	0	1	233	405	637	5.16e-117	431
ce2c5727311ce3fbb8f1ed2c18fb924a	MF285778.1	100.000	233	0	0	1	233	488	720	5.16e-117	431
ce2c5727311ce3fbb8f1ed2c18fb924a	LT601130.2	100.000	233	0	0	1	233	223	455	5.16e-117	431
ce2c5727311ce3fbb8f1ed2c18fb924a	LT601129.2	100.000	233	0	0	1	233	223	455	5.16e-117	431
ce2c5727311ce3fbb8f1ed2c18fb924a	LT601128.2	100.000	233	0	0	1	233	176	408	5.16e-117	431
ce2c5727311ce3fbb8f1ed2c18fb924a	LT601127.2	100.000	233	0	0	1	233	121	353	5.16e-117	431
ce2c5727311ce3fbb8f1ed2c18fb924a	LT601126.2	100.000	233	0	0	1	233	218	450	5.16e-117	431
ce2c5727311ce3fbb8f1ed2c18fb924a	LT601125.2	100.000	233	0	0	1	233	247	479	5.16e-117	431
ce2c5727311ce3fbb8f1ed2c18fb924a	MH217575.1	100.000	233	0	0	1	233	439	671	5.16e-117	431
ce2c5727311ce3fbb8f1ed2c18fb924a	MH379703.1	100.000	233	0	0	1	233	416	648	5.16e-117	431
ce2c5727311ce3fbb8f1ed2c18fb924a	MH236423.1	100.000	233	0	0	1	233	427	659	5.16e-117	431
ce2c5727311ce3fbb8f1ed2c18fb924a	MH050342.1	100.000	233	0	0	1	233	486	718	5.16e-117	431
ce2c5727311ce3fbb8f1ed2c18fb924a	KY622261.1	100.000	233	0	0	1	233	471	703	5.16e-117	431
ce2c5727311ce3fbb8f1ed2c18fb924a	KY617786.1	100.000	233	0	0	1	233	483	715	5.16e-117	431
ce2c5727311ce3fbb8f1ed2c18fb924a	KY660454.1	100.000	233	0	0	1	233	463	695	5.16e-117	431
ce2c5727311ce3fbb8f1ed2c18fb924a	KY660453.1	100.000	233	0	0	1	233	463	695	5.16e-117	431
ce2c5727311ce3fbb8f1ed2c18fb924a	KY660452.1	100.000	233	0	0	1	233	192	424	5.16e-117	431
ce2c5727311ce3fbb8f1ed2c18fb924a	KY660451.1	100.000	233	0	0	1	233	460	692	5.16e-117	431
ce2c5727311ce3fbb8f1ed2c18fb924a	KY660450.1	100.000	233	0	0	1	233	442	674	5.16e-117	431
ce2c5727311ce3fbb8f1ed2c18fb924a	KY660449.1	100.000	233	0	0	1	233	442	674	5.16e-117	431
ce2c5727311ce3fbb8f1ed2c18fb924a	KY660448.1	100.000	233	0	0	1	233	458	690	5.16e-117	431
ce2c5727311ce3fbb8f1ed2c18fb924a	KY660447.1	100.000	233	0	0	1	233	449	681	5.16e-117	431
ce2c5727311ce3fbb8f1ed2c18fb924a	KY660446.1	100.000	233	0	0	1	233	102	334	5.16e-117	431
ce2c5727311ce3fbb8f1ed2c18fb924a	KY660445.1	100.000	233	0	0	1	233	464	696	5.16e-117	431
ce2c5727311ce3fbb8f1ed2c18fb924a	KY660444.1	100.000	233	0	0	1	233	464	696	5.16e-117	431
ce2c5727311ce3fbb8f1ed2c18fb924a	KY660443.1	100.000	233	0	0	1	233	459	691	5.16e-117	431
ce2c5727311ce3fbb8f1ed2c18fb924a	KY660442.1	100.000	233	0	0	1	233	459	691	5.16e-117	431
ce2c5727311ce3fbb8f1ed2c18fb924a	MG819338.1	100.000	233	0	0	1	233	463	695	5.16e-117	431
ce2c5727311ce3fbb8f1ed2c18fb924a	MG807379.1	100.000	233	0	0	1	233	466	698	5.16e-117	431
ce2c5727311ce3fbb8f1ed2c18fb924a	MG800341.1	100.000	233	0	0	1	233	425	657	5.16e-117	431
ce2c5727311ce3fbb8f1ed2c18fb924a	MG385114.1	100.000	233	0	0	1	233	492	724	5.16e-117	431
ce2c5727311ce3fbb8f1ed2c18fb924a	KY283150.1	100.000	233	0	0	1	233	462	694	5.16e-117	431
ce2c5727311ce3fbb8f1ed2c18fb924a	KY671253.1	100.000	233	0	0	1	233	452	684	5.16e-117	431
ce2c5727311ce3fbb8f1ed2c18fb924a	MF801336.1	100.000	233	0	0	1	233	440	672	5.16e-117	431
ce2c5727311ce3fbb8f1ed2c18fb924a	MF101704.1	100.000	233	0	0	1	233	478	710	5.16e-117	431
ce2c5727311ce3fbb8f1ed2c18fb924a	MF525990.1	100.000	233	0	0	1	233	292	524	5.16e-117	431
ce2c5727311ce3fbb8f1ed2c18fb924a	MF525462.1	100.000	233	0	0	1	233	305	537	5.16e-117	431
ce2c5727311ce3fbb8f1ed2c18fb924a	MF525326.1	100.000	233	0	0	1	233	323	555	5.16e-117	431
ce2c5727311ce3fbb8f1ed2c18fb924a	MF525325.1	100.000	233	0	0	1	233	377	609	5.16e-117	431
ce2c5727311ce3fbb8f1ed2c18fb924a	MF525042.1	100.000	233	0	0	1	233	467	699	5.16e-117	431
ce2c5727311ce3fbb8f1ed2c18fb924a	MF524975.1	100.000	233	0	0	1	233	355	587	5.16e-117	431
ce2c5727311ce3fbb8f1ed2c18fb924a	MF523906.1	100.000	233	0	0	1	233	346	578	5.16e-117	431
ce2c5727311ce3fbb8f1ed2c18fb924a	MF612479.1	100.000	233	0	0	1	233	12	244	5.16e-117	431
ce2c5727311ce3fbb8f1ed2c18fb924a	MF590168.1	100.000	233	0	0	1	233	346	578	5.16e-117	431
ce2c5727311ce3fbb8f1ed2c18fb924a	MF557189.1	100.000	233	0	0	1	233	30	262	5.16e-117	431
ce2c5727311ce3fbb8f1ed2c18fb924a	MF465565.1	100.000	233	0	0	1	233	461	693	5.16e-117	431
ce2c5727311ce3fbb8f1ed2c18fb924a	MF364394.1	100.000	233	0	0	1	233	11	243	5.16e-117	431
ce2c5727311ce3fbb8f1ed2c18fb924a	CP021383.1	100.000	233	0	0	1	233	309577	309345	5.16e-117	431
ce2c5727311ce3fbb8f1ed2c18fb924a	CP021383.1	100.000	233	0	0	1	233	998688	998456	5.16e-117	431
ce2c5727311ce3fbb8f1ed2c18fb924a	CP021383.1	100.000	233	0	0	1	233	3989978	3990210	5.16e-117	431
ce2c5727311ce3fbb8f1ed2c18fb924a	KY243986.1	100.000	233	0	0	1	233	436	668	5.16e-117	431
ce2c5727311ce3fbb8f1ed2c18fb924a	KY969810.1	100.000	233	0	0	1	233	461	693	5.16e-117	431
ce2c5727311ce3fbb8f1ed2c18fb924a	CP020857.1	100.000	233	0	0	1	233	1597948	1598180	5.16e-117	431
ce2c5727311ce3fbb8f1ed2c18fb924a	CP020857.1	100.000	233	0	0	1	233	2203936	2204168	5.16e-117	431
ce2c5727311ce3fbb8f1ed2c18fb924a	CP020857.1	100.000	233	0	0	1	233	3197383	3197151	5.16e-117	431
ce2c5727311ce3fbb8f1ed2c18fb924a	KY933465.1	100.000	233	0	0	1	233	516	748	5.16e-117	431
ce2c5727311ce3fbb8f1ed2c18fb924a	NR_146662.1	100.000	233	0	0	1	233	492	724	5.16e-117	431
ce2c5727311ce3fbb8f1ed2c18fb924a	KY558705.1	100.000	233	0	0	1	233	463	695	5.16e-117	431
ce2c5727311ce3fbb8f1ed2c18fb924a	KX496338.1	100.000	233	0	0	1	233	467	699	5.16e-117	431
ce2c5727311ce3fbb8f1ed2c18fb924a	KY563746.1	100.000	233	0	0	1	233	509	741	5.16e-117	431
ce2c5727311ce3fbb8f1ed2c18fb924a	LT699463.1	100.000	233	0	0	1	233	492	724	5.16e-117	431
ce2c5727311ce3fbb8f1ed2c18fb924a	LT698469.1	100.000	233	0	0	1	233	492	724	5.16e-117	431
ce2c5727311ce3fbb8f1ed2c18fb924a	LT698459.1	100.000	233	0	0	1	233	492	724	5.16e-117	431
ce2c5727311ce3fbb8f1ed2c18fb924a	LT698452.1	100.000	233	0	0	1	233	492	724	5.16e-117	431
ce2c5727311ce3fbb8f1ed2c18fb924a	LT698447.1	100.000	233	0	0	1	233	492	724	5.16e-117	431
ce2c5727311ce3fbb8f1ed2c18fb924a	LT698439.1	100.000	233	0	0	1	233	492	724	5.16e-117	431
ce2c5727311ce3fbb8f1ed2c18fb924a	LT698433.1	100.000	233	0	0	1	233	492	724	5.16e-117	431
ce2c5727311ce3fbb8f1ed2c18fb924a	LT698429.1	100.000	233	0	0	1	233	492	724	5.16e-117	431
ce2c5727311ce3fbb8f1ed2c18fb924a	LT698424.1	100.000	233	0	0	1	233	492	724	5.16e-117	431
ce2c5727311ce3fbb8f1ed2c18fb924a	LT698423.1	100.000	233	0	0	1	233	492	724	5.16e-117	431
ce2c5727311ce3fbb8f1ed2c18fb924a	LT698422.1	100.000	233	0	0	1	233	492	724	5.16e-117	431
ce2c5727311ce3fbb8f1ed2c18fb924a	LT698421.1	100.000	233	0	0	1	233	492	724	5.16e-117	431
ce2c5727311ce3fbb8f1ed2c18fb924a	LT698417.1	100.000	233	0	0	1	233	492	724	5.16e-117	431
ce2c5727311ce3fbb8f1ed2c18fb924a	LT695333.1	100.000	233	0	0	1	233	492	724	5.16e-117	431
ce2c5727311ce3fbb8f1ed2c18fb924a	LT693468.1	100.000	233	0	0	1	233	492	724	5.16e-117	431
ce2c5727311ce3fbb8f1ed2c18fb924a	LT693864.1	100.000	233	0	0	1	233	492	724	5.16e-117	431
ce2c5727311ce3fbb8f1ed2c18fb924a	LT693852.1	100.000	233	0	0	1	233	492	724	5.16e-117	431
ce2c5727311ce3fbb8f1ed2c18fb924a	LT692796.1	100.000	233	0	0	1	233	492	724	5.16e-117	431
ce2c5727311ce3fbb8f1ed2c18fb924a	LT691202.1	100.000	233	0	0	1	233	492	724	5.16e-117	431
ce2c5727311ce3fbb8f1ed2c18fb924a	LT691201.1	100.000	233	0	0	1	233	492	724	5.16e-117	431
ce2c5727311ce3fbb8f1ed2c18fb924a	LT691155.1	100.000	233	0	0	1	233	492	724	5.16e-117	431
ce2c5727311ce3fbb8f1ed2c18fb924a	LT691151.1	100.000	233	0	0	1	233	492	724	5.16e-117	431
ce2c5727311ce3fbb8f1ed2c18fb924a	LT691146.1	100.000	233	0	0	1	233	492	724	5.16e-117	431
ce2c5727311ce3fbb8f1ed2c18fb924a	LT691143.1	100.000	233	0	0	1	233	492	724	5.16e-117	431
ce2c5727311ce3fbb8f1ed2c18fb924a	LT691132.1	100.000	233	0	0	1	233	492	724	5.16e-117	431
ce2c5727311ce3fbb8f1ed2c18fb924a	LT690613.1	100.000	233	0	0	1	233	492	724	5.16e-117	431
ce2c5727311ce3fbb8f1ed2c18fb924a	LT690609.1	100.000	233	0	0	1	233	492	724	5.16e-117	431
ce2c5727311ce3fbb8f1ed2c18fb924a	LT690602.1	100.000	233	0	0	1	233	492	724	5.16e-117	431
ce2c5727311ce3fbb8f1ed2c18fb924a	LT690598.1	100.000	233	0	0	1	233	492	724	5.16e-117	431
ce2c5727311ce3fbb8f1ed2c18fb924a	LT690591.1	100.000	233	0	0	1	233	492	724	5.16e-117	431
ce2c5727311ce3fbb8f1ed2c18fb924a	LT690588.1	100.000	233	0	0	1	233	492	724	5.16e-117	431
ce2c5727311ce3fbb8f1ed2c18fb924a	LT690587.1	100.000	233	0	0	1	233	492	724	5.16e-117	431
ce2c5727311ce3fbb8f1ed2c18fb924a	LT690577.1	100.000	233	0	0	1	233	493	725	5.16e-117	431
ce2c5727311ce3fbb8f1ed2c18fb924a	LT690576.1	100.000	233	0	0	1	233	492	724	5.16e-117	431
ce2c5727311ce3fbb8f1ed2c18fb924a	LT690567.1	100.000	233	0	0	1	233	492	724	5.16e-117	431
ce2c5727311ce3fbb8f1ed2c18fb924a	LT690553.1	100.000	233	0	0	1	233	492	724	5.16e-117	431
ce2c5727311ce3fbb8f1ed2c18fb924a	LT690551.1	100.000	233	0	0	1	233	492	724	5.16e-117	431
ce2c5727311ce3fbb8f1ed2c18fb924a	LT690535.1	100.000	233	0	0	1	233	492	724	5.16e-117	431
ce2c5727311ce3fbb8f1ed2c18fb924a	LT690532.1	100.000	233	0	0	1	233	492	724	5.16e-117	431
ce2c5727311ce3fbb8f1ed2c18fb924a	LT688876.1	100.000	233	0	0	1	233	492	724	5.16e-117	431
ce2c5727311ce3fbb8f1ed2c18fb924a	MH636793.1	99.571	233	1	0	1	233	488	720	6.67e-116	427
ce2c5727311ce3fbb8f1ed2c18fb924a	MG645266.1	99.571	233	1	0	1	233	448	680	6.67e-116	427
